function map=clrmap_goce
%CLRMAP_GOCE   User defined colormap saved by command 'save_clrmap'
%
%   To reset the colormap of the current figure, use it in the same way as usual Matlab colormaps:
%
%             colormap(clrmap_goce)
%
%   See also SAVE_CLRMAP
%
%This help was automatically generated by function SAVE_CLRMAP.

map=[
  6.274510174989700e-002   1.372549086809158e-001   4.509803950786591e-001;
  6.433318555355072e-002   1.468006819486618e-001   4.637627601623535e-001;
  6.592127680778503e-002   1.563464701175690e-001   4.765451252460480e-001;
  6.750936061143875e-002   1.658922433853149e-001   4.893274903297424e-001;
  6.909744441509247e-002   1.754380315542221e-001   5.021098852157593e-001;
  7.068553566932678e-002   1.849838048219681e-001   5.148922204971314e-001;
  7.227361947298050e-002   1.945295929908752e-001   5.276746153831482e-001;
  7.386170327663422e-002   2.040753662586212e-001   5.404569506645203e-001;
  7.544979453086853e-002   2.136211395263672e-001   5.532393455505371e-001;
  7.703787833452225e-002   2.231669276952744e-001   5.660216808319092e-001;
  7.862596213817596e-002   2.327127009630203e-001   5.788040757179260e-001;
  8.021405339241028e-002   2.422584891319275e-001   5.915864109992981e-001;
  8.180213719606400e-002   2.518042623996735e-001   6.043688058853149e-001;
  8.227462321519852e-002   2.546443343162537e-001   6.081718206405640e-001;
  8.274711668491364e-002   2.574844062328339e-001   6.119748353958130e-001;
  8.321960270404816e-002   2.603244483470917e-001   6.157778501510620e-001;
  8.369208872318268e-002   2.631645202636719e-001   6.195808649063110e-001;
  8.416458219289780e-002   2.660045921802521e-001   6.233838796615601e-001;
  8.463706821203232e-002   2.688446640968323e-001   6.271869540214539e-001;
  8.510955423116684e-002   2.716847360134125e-001   6.309899687767029e-001;
  8.558204770088196e-002   2.745248079299927e-001   6.347929835319519e-001;
  8.605453372001648e-002   2.773648500442505e-001   6.385959982872009e-001;
  8.652701973915100e-002   2.802049219608307e-001   6.423990130424500e-001;
  8.699950575828552e-002   2.830449938774109e-001   6.462020277976990e-001;
  8.747199922800064e-002   2.858850657939911e-001   6.500050425529480e-001;
  8.794448524713516e-002   2.887251377105713e-001   6.538080573081970e-001;
  8.841697126626968e-002   2.915651798248291e-001   6.576110720634460e-001;
  8.888946473598480e-002   2.944052517414093e-001   6.614140868186951e-001;
  8.936195075511932e-002   2.972453236579895e-001   6.652171015739441e-001;
  8.983443677425385e-002   3.000853955745697e-001   6.690201759338379e-001;
  9.030693024396896e-002   3.029254674911499e-001   6.728231906890869e-001;
  9.077941626310349e-002   3.057655394077301e-001   6.766262054443359e-001;
  9.125190228223801e-002   3.086055815219879e-001   6.804292201995850e-001;
  9.172439575195313e-002   3.114456534385681e-001   6.842322349548340e-001;
  9.219688177108765e-002   3.142857253551483e-001   6.880352497100830e-001;
  8.890413492918015e-002   3.286914825439453e-001   6.977763175964356e-001;
  8.561138808727264e-002   3.430972397327423e-001   7.075173258781433e-001;
  8.231864124536514e-002   3.575030267238617e-001   7.172583341598511e-001;
  7.902590185403824e-002   3.719087839126587e-001   7.269994020462036e-001;
  7.573315501213074e-002   3.863145411014557e-001   7.367404699325562e-001;
  7.244040817022324e-002   4.007202982902527e-001   7.464814782142639e-001;
  6.914766132831574e-002   4.151260554790497e-001   7.562224864959717e-001;
  6.585491448640823e-002   4.295318126678467e-001   7.659635543823242e-001;
  6.256216764450073e-002   4.439375996589661e-001   7.757046222686768e-001;
  5.926942452788353e-002   4.583433568477631e-001   7.854456305503845e-001;
  5.597667768597603e-002   4.727491140365601e-001   7.951866388320923e-001;
  5.268393084406853e-002   4.871548712253571e-001   8.049277067184448e-001;
  4.939118772745132e-002   5.015606284141541e-001   8.146687746047974e-001;
  4.609844088554382e-002   5.159664154052734e-001   8.244097828865051e-001;
  4.280569404363632e-002   5.303721427917481e-001   8.341507911682129e-001;
  3.951295092701912e-002   5.447779297828674e-001   8.438918590545654e-001;
  3.622020408511162e-002   5.591837167739868e-001   8.536329269409180e-001;
  3.292745724320412e-002   5.735894441604614e-001   8.633739352226257e-001;
  2.963471226394177e-002   5.879952311515808e-001   8.731149435043335e-001;
  2.634196542203426e-002   6.024009585380554e-001   8.828560113906860e-001;
  2.304922044277191e-002   6.168067455291748e-001   8.925970792770386e-001;
  1.975647546350956e-002   6.312124729156494e-001   9.023380875587463e-001;
  1.646372862160206e-002   6.456182599067688e-001   9.120790958404541e-001;
  1.317098271101713e-002   6.600240468978882e-001   9.218201637268066e-001;
  9.878237731754780e-003   6.744297742843628e-001   9.315612316131592e-001;
  6.585491355508566e-003   6.888355612754822e-001   9.413022398948669e-001;
  3.292745677754283e-003   7.032412886619568e-001   9.510432481765747e-001;
  0.000000000000000e+000   7.176470756530762e-001   9.607843160629273e-001;
  3.302373806945980e-005   7.178321480751038e-001   9.608076810836792e-001;
  6.604747613891959e-005   7.180172204971314e-001   9.608311057090759e-001;
  9.907121420837939e-005   7.182022929191589e-001   9.608544707298279e-001;
  1.320949522778392e-004   7.183873653411865e-001   9.608778953552246e-001;
  1.651186903472990e-004   7.185724377632141e-001   9.609012603759766e-001;
  1.981424284167588e-004   7.187575101852417e-001   9.609246850013733e-001;
  2.311661519343033e-004   7.189425826072693e-001   9.609480500221252e-001;
  2.641899045556784e-004   7.191276550292969e-001   9.609714746475220e-001;
  2.972136426251382e-004   7.193127274513245e-001   9.609948396682739e-001;
  3.302373806945980e-004   7.194977998733521e-001   9.610182046890259e-001;
  3.632611187640578e-004   7.196828722953796e-001   9.610416293144226e-001;
  3.962848568335176e-004   7.198679447174072e-001   9.610649943351746e-001;
  4.293085657991469e-004   7.200529575347900e-001   9.610884189605713e-001;
  4.623323038686067e-004   7.202380299568176e-001   9.611117839813232e-001;
  4.953560419380665e-004   7.204231023788452e-001   9.611352086067200e-001;
  5.283798091113567e-004   7.206081748008728e-001   9.611585736274719e-001;
  5.614035180769861e-004   7.207932472229004e-001   9.611819386482239e-001;
  5.944272852502763e-004   7.209783196449280e-001   9.612053632736206e-001;
  6.274509942159057e-004   7.211633920669556e-001   9.612287282943726e-001;
  6.604747613891959e-004   7.213484644889832e-001   9.612521529197693e-001;
  6.934984703548253e-004   7.215335369110107e-001   9.612755179405212e-001;
  7.265222375281155e-004   7.217186093330383e-001   9.612989425659180e-001;
  7.595459464937449e-004   7.219036817550659e-001   9.613223075866699e-001;
  7.925697136670351e-004   7.220887541770935e-001   9.613457322120667e-001;
  8.255934226326644e-004   7.222738265991211e-001   9.613690972328186e-001;
  3.204979375004768e-002   7.011733651161194e-001   9.358667731285095e-001;
  6.327399611473084e-002   6.800729036331177e-001   9.103643894195557e-001;
  9.449819475412369e-002   6.589724421501160e-001   8.848620653152466e-001;
  1.257223933935165e-001   6.378719806671143e-001   8.593597412109375e-001;
  1.569465994834900e-001   6.167714595794678e-001   8.338573575019836e-001;
  1.881707906723023e-001   5.956709980964661e-001   8.083550333976746e-001;
  2.193949967622757e-001   5.745705366134644e-001   7.828527092933655e-001;
  2.506192028522492e-001   5.534700751304627e-001   7.573503255844116e-001;
  2.818433940410614e-001   5.323696136474609e-001   7.318480014801025e-001;
  3.130675852298737e-001   5.112691521644592e-001   7.063456773757935e-001;
  3.442918062210083e-001   4.901686608791351e-001   6.808432936668396e-001;
  3.755159974098206e-001   4.690681993961334e-001   6.553409695625305e-001;
