function map=clrmap_ga2
%CLRMAP_GA2   User defined colormap saved by command 'save_clrmap'
%
%   To reset the colormap of the current figure, use it in the same way as usual Matlab colormaps:
%
%             colormap(clrmap_ga2)
%
%   See also SAVE_CLRMAP
%
%This help was automatically generated by function SAVE_CLRMAP.

map=[
  3.686274588108063e-001   0.000000000000000e+000   3.686274588108063e-001;
  3.808279037475586e-001   6.971677765250206e-003   4.270152449607849e-001;
  3.930283188819885e-001   1.394335553050041e-002   4.854030609130859e-001;
  4.052287638187408e-001   2.091503329575062e-002   5.437908768653870e-001;
  4.174292087554932e-001   2.788671106100082e-002   6.021786332130432e-001;
  4.296296238899231e-001   3.485839068889618e-002   6.605664491653442e-001;
  4.418300688266754e-001   4.183006659150124e-002   7.189542651176453e-001;
  4.540305137634277e-001   4.880174621939659e-002   7.773420810699463e-001;
  4.662309288978577e-001   5.577342212200165e-002   8.357298374176025e-001;
  4.784313738346100e-001   6.274510174989700e-002   8.941176533699036e-001;
  4.305882453918457e-001   5.647059157490730e-002   9.047058820724487e-001;
  3.827450871467590e-001   5.019608139991760e-002   9.152941107749939e-001;
  3.349019587039948e-001   4.392157122492790e-002   9.258823394775391e-001;
  2.870588302612305e-001   3.764706104993820e-002   9.364705681800842e-001;
  2.392156869173050e-001   3.137255087494850e-002   9.470587968826294e-001;
  1.913725435733795e-001   2.509804069995880e-002   9.576470851898193e-001;
  1.435294151306152e-001   1.882353052496910e-002   9.682353138923645e-001;
  9.568627178668976e-002   1.254902034997940e-002   9.788235425949097e-001;
  4.784313589334488e-002   6.274510174989700e-003   9.894117712974548e-001;
  0.000000000000000e+000   0.000000000000000e+000   1.000000000000000e+000;
  0.000000000000000e+000   8.333333581686020e-002   1.000000000000000e+000;
  0.000000000000000e+000   1.666666716337204e-001   1.000000000000000e+000;
  0.000000000000000e+000   2.500000000000000e-001   1.000000000000000e+000;
  0.000000000000000e+000   3.333333432674408e-001   1.000000000000000e+000;
  0.000000000000000e+000   4.166666567325592e-001   1.000000000000000e+000;
  0.000000000000000e+000   5.000000000000000e-001   1.000000000000000e+000;
  0.000000000000000e+000   5.833333134651184e-001   1.000000000000000e+000;
  0.000000000000000e+000   6.666666865348816e-001   1.000000000000000e+000;
  0.000000000000000e+000   7.500000000000000e-001   1.000000000000000e+000;
  0.000000000000000e+000   8.333333134651184e-001   1.000000000000000e+000;
  0.000000000000000e+000   9.166666865348816e-001   1.000000000000000e+000;
  0.000000000000000e+000   1.000000000000000e+000   1.000000000000000e+000;
  0.000000000000000e+000   1.000000000000000e+000   1.000000000000000e+000;
  0.000000000000000e+000   1.000000000000000e+000   9.090909361839294e-001;
  0.000000000000000e+000   1.000000000000000e+000   8.181818127632141e-001;
  0.000000000000000e+000   1.000000000000000e+000   7.272727489471436e-001;
  0.000000000000000e+000   1.000000000000000e+000   6.363636255264282e-001;
  0.000000000000000e+000   1.000000000000000e+000   5.454545617103577e-001;
  0.000000000000000e+000   1.000000000000000e+000   4.545454680919647e-001;
  0.000000000000000e+000   1.000000000000000e+000   3.636363744735718e-001;
  0.000000000000000e+000   1.000000000000000e+000   2.727272808551788e-001;
  0.000000000000000e+000   1.000000000000000e+000   1.818181872367859e-001;
  0.000000000000000e+000   1.000000000000000e+000   9.090909361839294e-002;
  0.000000000000000e+000   1.000000000000000e+000   0.000000000000000e+000;
  1.000000014901161e-001   1.000000000000000e+000   0.000000000000000e+000;
  2.000000029802322e-001   1.000000000000000e+000   0.000000000000000e+000;
  3.000000119209290e-001   1.000000000000000e+000   0.000000000000000e+000;
  4.000000059604645e-001   1.000000000000000e+000   0.000000000000000e+000;
  5.000000000000000e-001   1.000000000000000e+000   0.000000000000000e+000;
  6.000000238418579e-001   1.000000000000000e+000   0.000000000000000e+000;
  6.999999880790710e-001   1.000000000000000e+000   0.000000000000000e+000;
  8.000000119209290e-001   1.000000000000000e+000   0.000000000000000e+000;
  8.999999761581421e-001   1.000000000000000e+000   0.000000000000000e+000;
  1.000000000000000e+000   1.000000000000000e+000   0.000000000000000e+000;
  1.000000000000000e+000   8.999999761581421e-001   0.000000000000000e+000;
  1.000000000000000e+000   8.000000119209290e-001   0.000000000000000e+000;
  1.000000000000000e+000   6.999999880790710e-001   0.000000000000000e+000;
  1.000000000000000e+000   6.000000238418579e-001   0.000000000000000e+000;
  1.000000000000000e+000   5.000000000000000e-001   0.000000000000000e+000;
  1.000000000000000e+000   4.000000059604645e-001   0.000000000000000e+000;
  1.000000000000000e+000   3.000000119209290e-001   0.000000000000000e+000;
  1.000000000000000e+000   2.000000029802322e-001   0.000000000000000e+000;
  1.000000000000000e+000   1.000000014901161e-001   0.000000000000000e+000;
  1.000000000000000e+000   0.000000000000000e+000   0.000000000000000e+000;
];
