function map=clrmap_byr1
%CLRMAP_BYR1   User defined colormap saved by command 'save_clrmap'
%
%   To reset the colormap of the current figure, use it in the same way as usual Matlab colormaps:
%
%             colormap(clrmap_byr1)
%
%   See also SAVE_CLRMAP
%
%This help was automatically generated by function SAVE_CLRMAP.

map=[
  7.450980693101883e-002   0.000000000000000e+000   5.019608139991760e-001;
  7.291778922080994e-002   0.000000000000000e+000   5.132697224617004e-001;
  7.132577151060104e-002   0.000000000000000e+000   5.245785713195801e-001;
  6.973376125097275e-002   0.000000000000000e+000   5.358874797821045e-001;
  6.814174354076386e-002   0.000000000000000e+000   5.471963286399841e-001;
  6.654972583055496e-002   0.000000000000000e+000   5.585052371025085e-001;
  6.495770812034607e-002   0.000000000000000e+000   5.698140859603882e-001;
  6.336569041013718e-002   0.000000000000000e+000   5.811229944229126e-001;
  6.177367642521858e-002   0.000000000000000e+000   5.924318432807922e-001;
  6.018165871500969e-002   0.000000000000000e+000   6.037407517433167e-001;
  5.858964100480080e-002   0.000000000000000e+000   6.150496602058411e-001;
  5.699762701988220e-002   0.000000000000000e+000   6.263585090637207e-001;
  5.540560930967331e-002   0.000000000000000e+000   6.376674175262451e-001;
  5.381359159946442e-002   0.000000000000000e+000   6.489762663841248e-001;
  5.222157761454582e-002   0.000000000000000e+000   6.602851748466492e-001;
  5.062955990433693e-002   0.000000000000000e+000   6.715940237045288e-001;
  4.903754219412804e-002   0.000000000000000e+000   6.829029321670532e-001;
  4.744552820920944e-002   0.000000000000000e+000   6.942118406295776e-001;
  4.585351049900055e-002   0.000000000000000e+000   7.055206894874573e-001;
  4.426149278879166e-002   0.000000000000000e+000   7.168295979499817e-001;
  4.266947880387306e-002   0.000000000000000e+000   7.281384468078613e-001;
  4.107746109366417e-002   0.000000000000000e+000   7.394473552703857e-001;
  3.948544338345528e-002   0.000000000000000e+000   7.507562041282654e-001;
  3.789342939853668e-002   0.000000000000000e+000   7.620651125907898e-001;
  3.630141168832779e-002   0.000000000000000e+000   7.733739614486694e-001;
  3.470939397811890e-002   0.000000000000000e+000   7.846828699111939e-001;
  3.311737999320030e-002   0.000000000000000e+000   7.959917783737183e-001;
  3.152536228299141e-002   0.000000000000000e+000   8.073006272315979e-001;
  2.993334643542767e-002   0.000000000000000e+000   8.186095356941223e-001;
  2.834132872521877e-002   0.000000000000000e+000   8.299183845520020e-001;
  2.674931287765503e-002   0.000000000000000e+000   8.412272930145264e-001;
  2.515729703009129e-002   0.000000000000000e+000   8.525361418724060e-001;
  2.356527931988239e-002   0.000000000000000e+000   8.638450503349304e-001;
  2.197326347231865e-002   0.000000000000000e+000   8.751539587974548e-001;
  2.038124762475491e-002   0.000000000000000e+000   8.864628076553345e-001;
  1.878922991454601e-002   0.000000000000000e+000   8.977717161178589e-001;
  1.719721406698227e-002   0.000000000000000e+000   9.090805649757385e-001;
  1.560519821941853e-002   0.000000000000000e+000   9.203894734382629e-001;
  1.401318144053221e-002   0.000000000000000e+000   9.316983222961426e-001;
  1.242116466164589e-002   0.000000000000000e+000   9.430072307586670e-001;
  1.082914881408215e-002   0.000000000000000e+000   9.543160796165466e-001;
  9.237132035195828e-003   0.000000000000000e+000   9.656249880790710e-001;
  2.062521129846573e-002   1.149425283074379e-002   9.545258283615112e-001;
  3.201328963041306e-002   2.298850566148758e-002   9.434267282485962e-001;
  4.340136796236038e-002   3.448275849223137e-002   9.323275685310364e-001;
  5.478944629430771e-002   4.597701132297516e-002   9.212284088134766e-001;
  6.617752462625504e-002   5.747126415371895e-002   9.101293087005615e-001;
  7.756560295820236e-002   6.896551698446274e-002   8.990301489830017e-001;
  8.895368129014969e-002   8.045977354049683e-002   8.879310488700867e-001;
  1.003417670726776e-001   9.195402264595032e-002   8.768318891525269e-001;
  1.117298454046249e-001   1.034482792019844e-001   8.657327294349670e-001;
  1.231179237365723e-001   1.149425283074379e-001   8.546336293220520e-001;
  1.345060020685196e-001   1.264367848634720e-001   8.435344696044922e-001;
  1.458940804004669e-001   1.379310339689255e-001   8.324353098869324e-001;
  1.572821587324143e-001   1.494252830743790e-001   8.213362097740173e-001;
  1.686702370643616e-001   1.609195470809937e-001   8.102370500564575e-001;
  1.800583153963089e-001   1.724137961864471e-001   7.991379499435425e-001;
  1.914463937282562e-001   1.839080452919006e-001   7.880387902259827e-001;
  2.028344720602036e-001   1.954022943973541e-001   7.769396305084229e-001;
  2.142225503921509e-001   2.068965584039688e-001   7.658405303955078e-001;
  2.256106287240982e-001   2.183908075094223e-001   7.547413706779480e-001;
  2.369987070560455e-001   2.298850566148758e-001   7.436422109603882e-001;
  2.483867853879929e-001   2.413793057203293e-001   7.325431108474731e-001;
  2.597748637199402e-001   2.528735697269440e-001   7.214439511299133e-001;
  2.711629569530487e-001   2.643678188323975e-001   7.103447914123535e-001;
  2.825510203838348e-001   2.758620679378510e-001   6.992456912994385e-001;
  2.939391136169434e-001   2.873563170433044e-001   6.881465315818787e-001;
  3.053271770477295e-001   2.988505661487579e-001   6.770474314689636e-001;
  3.167152702808380e-001   3.103448152542114e-001   6.659482717514038e-001;
  3.281033337116242e-001   3.218390941619873e-001   6.548491120338440e-001;
  3.394914269447327e-001   3.333333432674408e-001   6.437500119209290e-001;
  3.508794903755188e-001   3.448275923728943e-001   6.326508522033691e-001;
  3.622675836086273e-001   3.563218414783478e-001   6.215516924858093e-001;
  3.736556470394135e-001   3.678160905838013e-001   6.104525923728943e-001;
  3.850437402725220e-001   3.793103396892548e-001   5.993534326553345e-001;
  3.964318037033081e-001   3.908045887947083e-001   5.882543325424194e-001;
  4.078198969364166e-001   4.022988379001617e-001   5.771551728248596e-001;
  4.192079603672028e-001   4.137931168079376e-001   5.660560131072998e-001;
  4.305960536003113e-001   4.252873659133911e-001   5.549569129943848e-001;
  4.419841170310974e-001   4.367816150188446e-001   5.438577532768250e-001;
  4.533722102642059e-001   4.482758641242981e-001   5.327585935592651e-001;
  4.647603034973145e-001   4.597701132297516e-001   5.216594934463501e-001;
  4.761483669281006e-001   4.712643623352051e-001   5.105603337287903e-001;
  4.875364601612091e-001   4.827586114406586e-001   4.994612038135529e-001;
  4.989245235919952e-001   4.942528605461121e-001   4.883620738983154e-001;
  5.103126168251038e-001   5.057471394538879e-001   4.772629141807556e-001;
  5.217006802558899e-001   5.172413587570190e-001   4.661637842655182e-001;
  5.330887436866760e-001   5.287356376647949e-001   4.550646543502808e-001;
  5.444768667221069e-001   5.402298569679260e-001   4.439655244350433e-001;
  5.558649301528931e-001   5.517241358757019e-001   4.328663647174835e-001;
  5.672529935836792e-001   5.632184147834778e-001   4.217672348022461e-001;
  5.786410570144653e-001   5.747126340866089e-001   4.106681048870087e-001;
  5.900291800498962e-001   5.862069129943848e-001   3.995689749717712e-001;
  6.014172434806824e-001   5.977011322975159e-001   3.884698152542114e-001;
  6.128053069114685e-001   6.091954112052918e-001   3.773706853389740e-001;
  6.241933703422546e-001   6.206896305084229e-001   3.662715554237366e-001;
  6.355814933776856e-001   6.321839094161987e-001   3.551723957061768e-001;
  6.469695568084717e-001   6.436781883239746e-001   3.440732657909393e-001;
  6.583576202392578e-001   6.551724076271057e-001   3.329741358757019e-001;
  6.697456836700440e-001   6.666666865348816e-001   3.218750059604645e-001;
