function map=clrmap_geoid_m110_p90
%CLRMAP_GEOID_M110_P90   User defined colormap saved by command 'save_clrmap'
%
%   To reset the colormap of the current figure, use it in the same way as usual Matlab colormaps:
%
%             colormap(clrmap_geoid_m110_p90)
%
%   See also SAVE_CLRMAP
%
%This help was automatically generated by function SAVE_CLRMAP.

map=[
  9.411764889955521e-002   1.529411822557449e-001   3.411764800548554e-001;
  9.476149082183838e-002   1.556335985660553e-001   3.455077707767487e-001;
  9.540532529354096e-002   1.583260297775269e-001   3.498390614986420e-001;
  9.604916721582413e-002   1.610184460878372e-001   3.541703224182129e-001;
  9.669300913810730e-002   1.637108623981476e-001   3.585016131401062e-001;
  9.733685106039047e-002   1.664032787084580e-001   3.628329038619995e-001;
  9.798068553209305e-002   1.690957099199295e-001   3.671641945838928e-001;
  9.862452745437622e-002   1.717881262302399e-001   3.714954853057861e-001;
  9.926836937665939e-002   1.744805425405502e-001   3.758267462253571e-001;
  9.991220384836197e-002   1.771729588508606e-001   3.801580369472504e-001;
  1.005560457706451e-001   1.798653900623322e-001   3.844893276691437e-001;
  1.011998876929283e-001   1.825578063726425e-001   3.888206183910370e-001;
  1.018437221646309e-001   1.852502226829529e-001   3.931519091129303e-001;
  1.024875640869141e-001   1.879426389932632e-001   3.974831700325012e-001;
  1.031314060091972e-001   1.906350702047348e-001   4.018144607543945e-001;
  1.037752479314804e-001   1.933274865150452e-001   4.061457514762878e-001;
  1.044190824031830e-001   1.960199028253555e-001   4.104770421981812e-001;
  1.050629243254662e-001   1.987123340368271e-001   4.148083329200745e-001;
  1.057067662477493e-001   2.014047503471375e-001   4.191396236419678e-001;
  1.063506007194519e-001   2.040971666574478e-001   4.234708845615387e-001;
  1.069944426417351e-001   2.067895829677582e-001   4.278021752834320e-001;
  1.076382845640183e-001   2.094820141792297e-001   4.321334660053253e-001;
  1.082821190357208e-001   2.121744304895401e-001   4.364647567272186e-001;
  1.089259609580040e-001   2.148668467998505e-001   4.407960474491119e-001;
  1.095698028802872e-001   2.175592631101608e-001   4.451273083686829e-001;
  1.102136448025703e-001   2.202516943216324e-001   4.494585990905762e-001;
  1.108574792742729e-001   2.229441106319428e-001   4.537898898124695e-001;
  1.115013211965561e-001   2.256365269422531e-001   4.581211805343628e-001;
  1.121451631188393e-001   2.283289581537247e-001   4.624524712562561e-001;
  1.127889975905418e-001   2.310213744640350e-001   4.667837321758270e-001;
  1.134328395128250e-001   2.337137907743454e-001   4.711150228977203e-001;
  1.140766814351082e-001   2.364062070846558e-001   4.754463136196137e-001;
  1.147205159068108e-001   2.390986382961273e-001   4.797776043415070e-001;
  1.153643578290939e-001   2.417910546064377e-001   4.841088950634003e-001;
  1.160081997513771e-001   2.444834709167481e-001   4.884401559829712e-001;
  1.166520416736603e-001   2.471758872270584e-001   4.927714467048645e-001;
  1.172958761453629e-001   2.498683184385300e-001   4.971027374267578e-001;
  1.179397180676460e-001   2.525607347488403e-001   5.014340281486511e-001;
  1.185835599899292e-001   2.552531659603119e-001   5.057653188705444e-001;
  1.192273944616318e-001   2.579455673694611e-001   5.100966095924377e-001;
  1.198712363839150e-001   2.606379985809326e-001   5.144279003143311e-001;
  1.205150783061981e-001   2.633304297924042e-001   5.187591910362244e-001;
  1.211589127779007e-001   2.660228312015533e-001   5.230904221534729e-001;
  1.218027547001839e-001   2.687152624130249e-001   5.274217128753662e-001;
  1.224465966224670e-001   2.714076638221741e-001   5.317530035972595e-001;
  1.230904385447502e-001   2.741000950336456e-001   5.360842943191528e-001;
  1.237342730164528e-001   2.767925262451172e-001   5.404155850410461e-001;
  1.243781149387360e-001   2.794849276542664e-001   5.447468757629395e-001;
  1.250219494104385e-001   2.821773588657379e-001   5.490781664848328e-001;
  1.256657987833023e-001   2.848697900772095e-001   5.534094572067261e-001;
  1.263096332550049e-001   2.875621914863586e-001   5.577407479286194e-001;
  1.269534677267075e-001   2.902546226978302e-001   5.620720386505127e-001;
  1.275973170995712e-001   2.929470241069794e-001   5.664032697677612e-001;
  1.282411515712738e-001   2.956394553184509e-001   5.707345604896545e-001;
  1.288849860429764e-001   2.983318865299225e-001   5.750658512115479e-001;
  1.295288354158402e-001   3.010242879390717e-001   5.793971419334412e-001;
  1.301726698875427e-001   3.037167191505432e-001   5.837284326553345e-001;
  1.308165043592453e-001   3.064091503620148e-001   5.880597233772278e-001;
  1.314603537321091e-001   3.091015517711639e-001   5.923910140991211e-001;
  1.321041882038117e-001   3.117939829826355e-001   5.967223048210144e-001;
  1.327480375766754e-001   3.144864141941071e-001   6.010535955429077e-001;
  1.333918720483780e-001   3.171788156032562e-001   6.053848862648010e-001;
  1.340357065200806e-001   3.198712468147278e-001   6.097161173820496e-001;
  1.346795558929443e-001   3.225636482238770e-001   6.140474081039429e-001;
  1.353233903646469e-001   3.252560794353485e-001   6.183786988258362e-001;
  1.359672248363495e-001   3.279485106468201e-001   6.227099895477295e-001;
  1.366110742092133e-001   3.306409120559692e-001   6.270412802696228e-001;
  1.372549086809158e-001   3.333333432674408e-001   6.313725709915161e-001;
  1.411764770746231e-001   3.490196168422699e-001   6.549019813537598e-001;
  1.490196138620377e-001   3.607843220233917e-001   6.627451181411743e-001;
  1.568627506494522e-001   3.725490272045136e-001   6.705882549285889e-001;
  1.647058874368668e-001   3.843137323856354e-001   6.784313917160034e-001;
  1.764705926179886e-001   4.000000059604645e-001   6.862745285034180e-001;
  1.843137294054031e-001   4.117647111415863e-001   6.941176652908325e-001;
  1.921568661928177e-001   4.235294163227081e-001   7.019608020782471e-001;
  2.000000029802322e-001   4.352941215038300e-001   7.098039388656616e-001;
  2.078431397676468e-001   4.470588266849518e-001   7.176470756530762e-001;
  2.156862765550613e-001   4.588235318660736e-001   7.254902124404907e-001;
  2.235294133424759e-001   4.705882370471954e-001   7.333333492279053e-001;
  2.313725501298904e-001   4.823529422283173e-001   7.411764860153198e-001;
  2.431372553110123e-001   4.980392158031464e-001   7.529411911964417e-001;
  2.509804069995880e-001   5.098039507865906e-001   7.607843279838562e-001;
  2.588235437870026e-001   5.215686559677124e-001   7.686274647712708e-001;
  2.666666805744171e-001   5.333333611488342e-001   7.764706015586853e-001;
  2.745098173618317e-001   5.450980663299561e-001   7.843137383460999e-001;
  2.823529541492462e-001   5.568627715110779e-001   7.921568751335144e-001;
  2.901960909366608e-001   5.686274766921997e-001   8.000000119209290e-001;
  2.980392277240753e-001   5.803921818733215e-001   8.078431487083435e-001;
  3.098039329051971e-001   5.960784554481506e-001   8.156862854957581e-001;
  3.176470696926117e-001   6.078431606292725e-001   8.235294222831726e-001;
  3.254902064800263e-001   6.196078658103943e-001   8.313725590705872e-001;
  3.411764800548554e-001   6.431372761726379e-001   8.470588326454163e-001;
  3.529411852359772e-001   6.509804129600525e-001   8.509804010391235e-001;
  3.647058904170990e-001   6.627451181411743e-001   8.588235378265381e-001;
  3.764705955982208e-001   6.705882549285889e-001   8.627451062202454e-001;
  3.882353007793427e-001   6.784313917160034e-001   8.666666746139526e-001;
  4.000000059604645e-001   6.862745285034180e-001   8.705882430076599e-001;
  4.117647111415863e-001   6.980392336845398e-001   8.784313797950745e-001;
  4.196078479290009e-001   7.058823704719544e-001   8.823529481887817e-001;
  4.313725531101227e-001   7.137255072593689e-001   8.862745165824890e-001;
